2086118312031732071
2086118312031732071
2086165697244053516
2086165697244053516
2086118312031732071
2086118230695780352
2086118230695780352
2086118230695780352
2086118230695780352
2086876890887823742
2086876890887823742
2086873913720717561
2086873913720717561
2086904318410510640
2086904318410510640
2087185644871209311
2087185644871209311
2086965206140543306
2086965206140543306
2087222515919999189
2087222515919999189
2087536834637140388
2087536834637140388
2087615103910969678
2087615103910969678
